1 3.1976753359455126
2 54.27150139779641
3 70.84836776143062
4 134.00634293438702
5 183.18889651893718
6 281.175268954918
7 488.70656772314305
8 612.5568916278371
9 797.3338163084601
10 719.1840343773242
11 788.6242164646886
12 848.217887504367
13 984.3832399252735
14 994.6227493569592
15 1129.9013673375327
16 1293.5363802559416
17 1339.9058918158053
18 1465.5591006423983
19 1574.2033492822966
20 1455.9378338999513
21 1660.4876079086605
22 1724.5091424968475
23 2031.4713168187745
24 1988.8393501805053
25 1867.1215318483783
26 1972.2980358667805
27 2025.5744300402325
28 2298.0875733855187
29 2032.8816199376947
30 2434.9506107275624
31 2414.3571428571427
32 3060.3056708160443
33 2319.3066860465115
34 2761.916864608076
35 2791.217981340119
36 3350.9208006962576
37 3086.9854791868343
38 3339.5125628140704
39 3023.421548117155
40 2926.409666283084
41 5838.059101654846
42 2642.0325779036825
43 3373.695410292072
44 2653.5263157894738
45 2914.393238434164
46 3520.4034782608696
47 2490.0845588235293
48 2347.225433526012
49 3051.2264529058116
50 2607.7076271186443
51 5772.303703703704
52 3854.596846846847
53 3008.5348837209303
54 6788.1949860724235
55 9798.495384615384
56 2478.1652173913044
57 5982.7692307692305
58 2921.9534161490683
59 3104.546558704453
60 3368.3940520446095
61 3113.41568627451
62 2785.9163346613545
63 3331.276699029126
64 6596.947916666667
65 3000.7454545454543
66 2898.6774193548385
67 3424.3
68 8716.111111111111
69 16338.50641025641
70 11421.61403508772
71 6872.3892617449665
72 25258.666666666668
73 2091.551181102362
74 12439.89393939394
75 4428.523364485981
76 3292.214285714286
77 4972.376068376068
78 3632.6117647058823
79 3343.252427184466
80 15492.426829268292
81 19397.472527472528
82 7352.810126582279
83 10749.024390243903
84 3585.4698795180725
85 3245.4545454545455
86 5580.202898550725
87 3689.8815789473683
88 2854.1710526315787
89 3426.472222222222
90 3904.705882352941
91 6999.645161290323
92 6935.311111111111
93 2577.823529411765
94 3849.48
95 3459.0689655172414
96 7197.893617021276
97 3691.485294117647
98 2743.4285714285716
99 2848.6666666666665
100 9695.80487804878
101 2171.714285714286
102 4321.5625
103 5675.433333333333
104 4781.694444444444
105 2364.875
106 2733.8947368421054
107 2623.1481481481483
108 4130.9375
109 4394.0
110 3343.4285714285716
111 3969.1923076923076
112 2451.7
113 9239.608695652174
114 3241.875
115 2458.777777777778
116 3684.08
117 9688.2
118 3076.6666666666665
119 3072.8125
120 4763.125
121 5746.2
122 5027.166666666667
123 3795.8888888888887
124 3658.3076923076924
125 2771.3636363636365
126 3499.7272727272725
127 5449.666666666667
128 4642.642857142857
129 3619.076923076923
130 2895.0
131 4041.8888888888887
132 3534.714285714286
133 2373.5
134 3785.4666666666667
135 1906.3636363636363
136 1453.8461538461538
137 25363.18181818182
138 3117.5714285714284
139 4762.0
140 4116.5
141 3891.0
142 5364.0
143 3746.6666666666665
144 5672.142857142857
145 15185.09090909091
146 1619.0
147 7312.571428571428
148 2733.4444444444443
149 4074.0
150 4306.857142857143
151 4862.25
152 987.4
153 4601.4
154 4991.625
155 10127.666666666666
156 28098.384615384617
157 87053.5
158 2721.0
159 4890.857142857143
160 3911.4285714285716
161 2776.0
162 1480.2
163 5476.5
164 3308.75
165 3054.5
166 5724.5
167 6736.5
168 3369.6666666666665
169 467.0
170 3287.0
171 3978.0
172 4920.142857142857
173 12170.6
174 4227.5
175 7629.0
176 7224.166666666667
177 10081.666666666666
178 4329.4
179 1368.3333333333333
180 339.5
181 669.0
182 8220.666666666666
183 10975.25
184 4653.333333333333
185 736.5
186 8243.333333333334
187 10488.25
188 9634.0
189 4084.3333333333335
190 4471.4
191 1664.3333333333333
193 25764.5
194 3422.4
195 149480.0
197 2257.0
199 2391.5
201 9600.0
202 9489.0
204 11733.666666666666
205 126377.0
206 27364.5
207 31151.75
208 3346.0
209 1520.0
210 4926.0
211 813.0
213 2708.0
214 1729.5
215 469.0
216 6000.0
218 8377.333333333334
221 7325.5
222 723.0
223 31913.0
224 386.0
226 1457.0
228 8383.0
229 9520.0
230 11178.0
231 4953.0
232 4850.0
236 13878.0
237 3142.0
240 4382.666666666667
241 4427.0
243 1476.0
245 1864.0
250 15892.0
251 4969.5
256 30988.0
258 4278.0
260 44630.0
263 9185.0
265 32843.0
268 10499.0
271 8527.0
273 10316.0
276 599.0
277 8458.0
281 6749.0
283 3190.0
284 2594.0
290 2417.5
292 3279.0
298 13881.0
299 7378.0
300 621.0
301 3531.0
302 1865.0
305 44938.0
310 2210.0
312 679.0
325 7437.0
328 1108.0
339 8504.0
341 10381.0
342 809.0
349 3139.0
352 3175.5
355 7138.0
357 1202.0
363 6144.0
380 3082.0
403 6604.0
417 1303.0
440 9343.0
441 1296.0
445 13248.0
463 91849.0
474 126438.0
497 2548.0
502 9472.0
505 9114.0
506 9651.0
520 2157.0
539 77213.0
590 136316.0
601 153777.0
632 2570.0
677 129682.0
680 70964.0
696 32007.0
759 45786.0
981 8768.0
1123 7874.0
1287 10359.0
1334 11043.0
